73161
73163
73167
73168
73202
73203
73207
73243
73244
73278
73337
73338
73376
73377
73382
73391
73423
73429
73441
73450
73456
73457
73487
73488
73491
73494
73495
73510
73511
73525
73526
73527
73561
73567
73569
73599
73603
73640
73641
73650
73733
73735
73736
73782
73786
73796
73820
73826
73828
73836
73842
73855
73874
73882
73885
73918
73919
73923
73924
73935
73937
73942
73944
73948
73961
73963
73974
73985
73997
73998
74017
74025
74176
74178
74181
74220
74221
74251
74262
74271
74283
74287
74296
74329
74349
74390
74396
74422
74427
74452
74477
74478
74482
74487
74510
74558
74559
74578
74613
74631
74658
74734
74769
74771
74779
74781
74783
74842
74865
74870
74871
74872
74873
74915
74919
74954
75003
75034
75040
75055
75068
75070
75098
75126
75136
75159
75166
75169
75204
75205
75206
75210
75212
75214
75239
75284
75296
75297
75316
75326
75355
75365
75371
75473
75477
75511
75558
75577
75610
75613
75614
75658
75696
75697
75700
75706
75730
75735
75769
75850
75945
75988
75991
75992
75994
76000
76007
76008
76009
76053
76106
76158
76159
76166
76169
76173
76178
76179
76215
76235
76291
76351
76369
76427
76432
76437
76467
76506
76522
76539
76540
76590
76594
76611
76612
76615
76627
76678
76754
76766
76767
76768
76770
76777
76798
76805
76833
76857
76858
76862
76865
76877
76917
76921
76924
76933
76944
76957
76964
76998
76999
77000
77001
77033
77034
77035
77036
77040
77082
77089
77090
77098
77113
77128
77139
77211
77214
77218
77236
77243
77250
77277
77278
77279
77286
77288
77314
77340
77351
77365
77369
77398
77399
77415
77432
77459
77497
77504
77505
77537
77579
77623
77636
77678
77679
77682
77683
77709
77736
77738
77761
77762
77765
77802
77804
77841
77842
77843
77854
77876
77877
77930
77979
77991
77994
78003
78024
78066
78069
78083
78089
78094
78132
78161
78234
78236
78243
78246
78291
78294
78298
78307
78309
78312
78348
78353
78357
78359
78512
78561
78563
78564
78571
78606
78651
78653
78664
78695
78711
78713
78728
78733
78795
78809
78814
78871
78872
78957
79003
79014
79043
79044
79045
79053
79054
79058
79066
79067
79091
79133
79144
79211
79212
79235
79253
79292
79306
79323
79348
79349
79377
79379
79409
79416
79475
79480
79498
79501
79553
79559
79560
79581
79585
79606
79611
79626
79627
79628
79673
79815
79864
79875
79904
79938
79950
79981
79993
80053
80110
80112
80171
80261
80268
80275
80311
80312
80326
80356
80360
80387
80393
80418
80419
80423
80424
80440
80442
80463
80465
80470
80474
80475
80483
80680
80684
80687
80741
80745
80748
80753
80759
80761
80764
80812
80815
80832
80833
80838
80843
80845
80846
80847
80876
80881
80904
80905
80927
80928
80941
81077
81115
81136
81147
81177
81178
81188
81196
81197
81198
81207
81274
81285
81291
81304
81323
81388
81462
81476
81492
81514
81531
81576
81608
81636
81650
81654
81671
81675
81676
81724
81733
81817
81843
81856
81865
81868
81919
81920
81923
81926
81957
81958
81967
81970
81983
81984
82001
82024
82032
82033
82039
82047
82053
82074
82086
82100
82102
82113
82130
82166
82169
82170
82171
82174
82192
82208
82215
82262
82269
82299
82341
82349
82390
82391
82396
82408
82415
82416
82428
82435
82489
82493
82505
82525
82534
82535
82539
82649
82672
82716
82728
82732
82777
82826
82846
82847
82852
82853
82869
82926
82941
82951
82952
83005
83028
83031
83117
83119
83120
83122
83133
83164
83166
83167
83168
83210
83265
83274
83318
83336
83340
83346
83381
83400
83410
83417
83428
83444
83451
83452
83542
83553
83558
83580
83591
83592
83599
83601
83618
83628
83636
83637
83692
83699
83709
83730
83750
83776
83778
83779
83783
83799
83803
83813
83866
83875
83877
83945
83972
83980
84012
84054
84079
84083
84084
84091
84099
84104
84135
84281
84294
84296
84358
84373
84374
84404
84410
84411
84428
84447
84519
84557
84567
84590
84596
84597
84601
84611
84617
84635
84637
84655
84663
84697
84698
84699
84700
84707
84710
84711
84712
84715
84739
84890
84900
84907
84959
84981
85016
85020
85072
85088
85120
85135
85172
85173
85174
85232
85233
85234
85282
85298
85304
85305
85350
85351
85379
85393
85415
85418
85459
85513
85514
85530
85564
85604
85606
85629
85654
85690
85716
85734
85742
85743
85772
85818
85819
85844
85870
85894
85902
85927
85948
85989
86068
86086
86129
86144
86145
86147
86191
86204
86213
86218
86229
86251
86326
86346
86351
86426
86439
86448
86450
86463
86465
86466
86475
86478
86490
86543
86576
86636
86637
86675
86732
86735
86767
86823
86824
86845
86846
86869
86882
86896
86952
86967
87035
87036
87056
87063
87065
87104
87121
87122
87143
87203
87204
87325
87387
87412
87447
87473
87526
87548
87564
87602
87603
87604
87605
87613
87707
87740
87742
87792
87795
87803
87813
87815
87826
87837
87842
87846
87848
87854
87906
87971
87974
88053
88082
88114
88159
88168
88171
88229
88230
88231
88246
88281
88299
88301
88400
88403
88423
88463
88473
88474
88476
88482
88483
88484
88485
88522
88532
88605
88625
88647
88744
88752
88767
88824
88825
88826
88836
88839
88868
88934
88946
88948
88972
88986
88991
88998
89046
89062
89084
89089
89093
89105
89217
89227
89235
89238
89239
89253
89274
89308
89309
89310
89379
89381
89383
89385
89440
89458
89483
89567
89568
89579
89650
89677
89723
89724
89741
89742
89783
89786
89813
89815
89816
89817
89820
89821
89832
89846
89866
89904
89911
89921
89925
89935
89941
89948
89950
89994
90002
90015
90021
90022
90041
90062
90087
90101
90102
90103
90104
90120
90205
90213
90221
90224
90225
90226
90235
90249
90272
90288
90310
90314
90315
90329
90398
90473
90490
90516
90612
90622
90643
90689
90692
90693
90697
90765
90891
90893
90951
90953
91043
91127
91128
91159
91164
91183
91252
91253
91254
91255
91270
91272
91290
91294
91296
91372
91376
91405
91421
91487
91488
91541
91585
91596
91598
91599
91600
91683
91728
91730
91753
91754
91755
91872
91925
91979
92071
92102
92134
92136
92137
92138
92139
92171
92172
92173
92174
92186
92301
92341
92342
92345
92350
92376
92378
92389
92416
92421
92433
92434
92437
92438
92441
92488
92498
92502
92517
92560
92590
92637
92648
92688
92689
92690
92694
92695
92715
92754
92819
92820
92830
92856
92864
92921
92922
92982
93009
93011
93054
93062
93074
93077
93080
93082
93115
93123
93126
93127
93129
93134
93140
93141
93142
93164
93179
93230
93233
93234
93240
93259
93277
93298
93334
93344
93407
93414
93472
93478
93480
93481
93511
93550
93564
93569
93570
93571
93574
93612
93616
93617
93618
93619
93629
93711
93723
93724
93762
93764
93790
93860
93882
93894
93904
93914
93996
93997
94063
94064
94072
94099
94172
94236
94238
94241
94282
94294
94295
94323
94413
94438
94441
94442
94500
94524
94527
94612
94623
94631
94678
94694
94727
94762
94837
94840
94843
94845
94860
95032
95060
95065
95066
95087
95129
95151
95152
95154
95156
95157
95159
95174
95199
95221
95224
95236
95251
95267
95286
95288
95289
95359
95367
95423
95425
95426
95498
95507
95532
95585
95641
95701
95787
95821
95911
95914
95924
95930
95952
95968
96025
96031
96039
96109
96157
96168
96242
96248
96353
96357
96388
96457
96470
96513
96520
96522
96525
96526
96529
96580
96581
96602
96603
96675
96718
96719
96720
96721
96722
96723
96725
96726
96727
96728
96732
96735
96747
96775
96798
96799
96801
96804
96806
96807
96824
96825
96826
96827
96828
96844
96847
96869
96893
96900
96930
96931
96945
96972
96985
97018
97051
97068
97126
97136
97293
97302
97303
97304
97306
97312
97315
97335
97342
97343
97384
97386
97388
97451
97470
97487
97489
97518
97591
97603
97617
97647
97660
97762
97798
97804
97805
97807
97813
97881
97950
97962
97979
97980
97990
98007
98133
98137
98296
98306
98307
98309
98327
98382
98438
98447
98448
98511
98514
98534
98537
98575
98590
98656
98661
98666
98697
98714
98792
98804
98816
98830
98831
98833
98920
98929
98938
98969
99036
99041
99042
99043
99050
99058
99060
99064
99103
99104
99107
99112
99131
99149
99158
99160
99171
99230
99278
99282
99285
99292
99306
99328
99346
99355
99356
99357
99358
99370
99425
99444
99494
99522
99627
99629
99672
99697
99733
99734
99735
99746
99750
99782
99809
99814
99884
99922
99950
99952
99954
99956
99957
100010
100011
100012
100043
100044
100061
100093
100099
100113
100128
100129
100130
100131
100132
100162
100163
100164
100166
100167
100168
100169
100170
100171
100172
100173
100180
100186
100192
100193
100194
100231
100233
100234
100235
100236
100237
100238
100239
100240
100241
100242
100243
100244
100245
100246
100247
100248
100249
100250
100251
100256
100272
100278
100287
100288
100289
100290
100293
100299
100347
100348
100349
100350
100353
100371
100373
100374
100375
100376
100377
100378
100416
100417
100420
100475
100479
100490
100500
100501
100502
100503
100504
100505
100506
100507
100513
100514
100515
100516
100517
100518
100519
100520
100522
100523
100524
100525
100545
100555
100556
100557
100639
100640
100641
100642
100655
100674
100675
100676
100681
100682
100683
100684
100697
100703
100707
100708
100720
100721
100722
100724
100736
100737
100738
100752
100754
100771
100772
100773
100777
100808
100811
100813
100825
100829
100830
100831
100836
100838
100839
100840
100852
100853
100917
100941
100949
100963
101013
101014
101016
101018
101019
101036
101047
101106
101107
101170
101173
101220
101258
101292
101293
101294
101295
101296
101297
101298
101357
101377
101380
101382
101383
101384
101385
101401
101402
101403
101404
101407
101410
101424
101434
101435
101436
101458
101462
101465
101467
101469
101470
101471
101482
101484
101492
101493
101494
101500
101501
101502
101503
101507
101527
101528
101529
101575
101576
101585
101586
101587
101589
101590
101591
101592
101609
101610
101614
101629
101637
101638
101639
101640
101648
101649
101651
101655
101656
101657
101671
101672
101673
101675
101692
101708
101721
101722
101723
101725
101762
101764
101805
101806
101807
101808
101809
101826
101828
101850
101862
101867
101868
101870
101871
101872
101873
101901
101902
102014
102015
102120
102136
102137
102138
102140
102141
102142
102171
102182
102196
102213
102222
102224
102256
102258
102259
102260
102261
102317
102335
102336
102389
102474
102475
102479
102485
102486
102487
102492
102493
102497
102521
102524
102525
102540
102542
102586
102590
102591
102592
102597
102598
102623
102677
102696
102703
102714
102715
102753
102754
102755
102765
102766
102784
102787
102801
102838
102843
102844
102845
102846
102857
102871
102872
102879
102881
102893
102905
102906
102907
102926
102927
102951
102964
102965
102997
103017
103023
103056
103057
103062
103069
103070
103071
103078
103079
103080
103081
103117
103119
103120
103121
103122
103123
103124
103126
103127
103128
103132
103139
103140
103141
103143
103144
103149
103163
103185
103186
103187
103192
103204
103205
103209
103223
103224
103227
103229
103230
103243
103256
103257
103259
103260
103263
103266
103267
103276
103277
103282
103283
103284
103319
103320
103322
103323
103326
103342
103345
103368
103383
103384
103395
103400
103401
103403
103409
103410
103421
103422
103423
103424
103425
103428
103440
103442
103443
103444
103446
103447
103448
103461
103466
103471
103473
103474
103476
103517
103525
103526
103529
103530
103531
103543
103551
103575
103579
103580
103581
103596
103597
103599
103611
103612
103613
103629
103631
103632
103668
103687
103688
103690
103720
103753
103758
103759
103787
103788
103789
103793
103828
103833
103835
103841
103862
103893
103899
103901
103902
103906
103918
103944
103952
103953
103972
103973
103989
104025
104027
104028
104029
104050
104057
104088
104089
104090
104092
104102
104112
104121
104150
104166
104169
104171
104172
104173
104174
104175
104177
104219
104237
104238
104239
104243
104244
104304
104306
104307
104309
104328
104333
104361
104364
104378
104379
104420
104421
104422
104428
104436
104438
104454
104456
104458
104461
104479
104480
104496
104502
104503
104504
104505
104506
104509
104511
104537
104538
104539
104540
104545
104546
104580
104581
104582
104605
104607
104610
104611
104620
104646
104647
104658
104661
104679
104680
104681
104682
104683
104707
104726
104727
104728
104737
104755
104760
104769
104770
104789
104793
104794
104795
104797
104827
104828
104841
104851
104852
104855
104857
104864
104871
104873
104913
104924
104925
104928
104931
104933
104940
104941
104943
104944
104948
104949
104951
104955
104974
104977
104979
104980
105015
105016
105059
105060
105126
105127
105164
105173
105174
105175
105176
105177
105178
105179
105180
105181
105182
105186
105187
105188
105218
105264
105265
105266
105267
105268
105272
105303
105306
105307
105308
105322
105338
105340
105341
105356
105357
105360
105361
105399
105400
105401
105453
105468
105479
105480
105481
105482
105490
105499
105500
105501
105503
105504
105506
105509
105530
105531
105532
105534
105539
105540
105586
105587
105588
105589
105598
105599
105600
105602
105603
105604
105615
105634
105636
105637
105649
105650
105664
105666
105683
105687
105690
105691
105692
105714
105719
105720
105735
105736
105753
105754
105769
105777
105782
105785
105788
105791
105803
105807
105808
105809
105815
105816
105819
105820
105821
105841
105843
105845
105862
105865
105891
105893
105895
105897
105899
105903
105904
105929
105971
105984
105986
106016
106024
106026
106027
106028
106030
106035
106038
106051
106053
106065
106066
106067
106068
106072
106082
106084
106085
106086
106087
106109
106117
106118
106119
106120
106121
106140
106141
106145
106146
106150
106151
106170
106171
106172
106176
106183
106202
106207
106209
106210
106211
106223
106238
106253
106254
106256
106257
106258
106260
106266
106273
106274
106275
106276
106332
106333
106334
106341
106355
106356
106357
106358
106359
106382
106384
106385
106386
106387
106414
106417
106418
106419
106427
106452
106453
106455
106469
106472
106473
106474
106475
106476
106484
106491
106558
106560
106561
106602
106603
106611
106612
106614
106616
106624
106629
106642
106643
106647
106662
106666
106667
106669
106670
106692
106694
106695
106696
106787
106797
106798
106799
106800
106801
106802
106859
106860
106884
106885
106886
106887
106888
106889
106916
106920
106923
106924
106942
106945
106957
106975
106977
106978
107017
107018
107019
107020
107038
107040
107041
107054
107055
107057
107065
107072
107088
107089
107090
107092
107093
107094
107123
107124
107125
107127
107131
107136
107137
107161
107165
107166
107167
107168
107169
107171
107183
107198
107205
107219
107220
107221
107222
107226
107244
107248
107249
107250
107260
107271
107272
107273
107274
107275
107276
107277
107278
107300
107301
107302
107303
107304
107309
107310
107311
107316
107332
107344
107346
107348
107349
107350
107351
107352
107353
107354
107370
107384
107385
107387
107389
107390
107391
107392
107393
107397
107398
107399
107400
107401
107403
107405
107406
107410
107411
107413
107414
107415
107416
107422
107423
107425
107439
107459
107461
107462
107463
107464
107465
107466
107509
107512
107515
107516
107517
107523
107525
107527
107543
107547
107548
107549
107550
107551
107556
107558
107560
107561
107571
107573
107574
107575
107576
107579
107580
107604
107605
107606
107607
107608
107614
107635
107642
107690
107691
107692
107693
107694
107695
107722
107767
107768
107769
107770
107771
107775
107783
107819
107820
107821
107822
107823
107844
107851
107852
107853
107854
107855
107856
107867
107871
107914
107915
107916
107917
107919
107954
107980
108008
108009
108010
108011
108012
108013
108014
108015
108097
108098
108099
108103
108107
108109
108112
108113
108120
108121
108122
108123
108124
108136
108149
108156
108157
108170
108171
108172
108174
108175
108183
108190
108194
108196
108197
108198
108216
108223
108226
108231
108238
108242
108243
108244
108245
108246
108248
108258
108263
108266
108269
108303
108304
108334
108335
108336
108337
108338
108361
108362
108406
108410
108411
108412
108413
108414
108416
108417
108447
108448
108449
108450
108451
108452
108456
108484
108487
108490
108501
108502
108503
108504
108505
108506
108508
108517
108567
108576
108578
108579
108580
108581
108583
108585
108592
108598
108638
108650
108651
108653
108654
108655
108664
108668
108687
108692
108701
108702
108703
108704
108705
108706
108708
108711
108712
108718
108724
108728
108729
108730
108734
108736
108737
108738
108739
108740
108744
108746
108748
108759
108770
108773
108774
108775
108790
108813
108814
108815
108816
108817
108818
108819
108825
108826
108827
108837
108840
108844
108903
108904
108905
108906
108907
108917
108928
108932
108946
108972
108981
108982
108984
108985
108986
109026
109042
109044
109045
109046
109049
109050
109052
109053
109054
109057
109098
109108
109110
109113
109114
109115
109117
109125
109132
109141
109169
109170
109171
109172
109173
109178
109184
109211
109221
109222
109225
109226
109227
109228
109229
109230
109231
109232
109233
109236
109237
109238
109239
109240
109241
109242
109247
109260
109265
109266
109267
109271
109300
109301
109305
109306
109308
109309
109320
109355
109356
109357
109358
109359
109363
109369
109371
109373
109374
109376
109381
109405
109413
109416
109417
109418
109419
109420
109421
109422
109429
109434
109463
109470
109471
109472
109473
109474
109481
109490
109491
109492
109493
109495
109496
109520
109531
109561
109562
109565
109577
109588
109605
109606
109607
109608
109613
109635
109636
109640
109664
109673
109674
109687
109690
109691
109692
109693
109694
109695
109697
109708
109720
109724
109730
109731
109737
109746
109747
109748
109749
109751
109759
109761
109769
109778
109823
109824
109825
109826
109827
109828
109844
109853
109872
109889
109917
109918
109919
109920
109921
109922
109932
109968
109969
109987
110006
110018
110019
110020
110021
110043
110046
110051
110093
110105
110106
110107
110112
110119
110213
110214
110215
110216
110217
110218
110219
110229
110237
110263
110264
110265
110266
110267
110268
110269
110274
110275
110306
110324
110325
110326
110327
110328
110329
110342
110350
110367
110369
110400
110413
110414
110416
110417
110418
110420
110421
110422
110424
110450
110451
110452
110453
110454
110455
110456
110461
110464
110488
110489
110490
110493
110503
110507
110509
110510
110511
110513
110514
110519
110559
110584
110585
110586
110587
110588
110589
110590
110604
110605
110606
110607
110608
110609
110636
110637
110640
110641
110664
110665
110666
110667
110674
110675
110677
110762
110765
110767
110768
110770
110771
110774
110803
110811
110812
110813
110815
110816
110817
110825
110830
110927
110931
111004
111016
111019
111021
111023
111024
111028
111030
111032
111034
111035
111092
111095
111096
111097
111098
111099
111106
111107
111113
111115
111116
111119
111146
111147
111148
111149
111155
111157
111158
111159
111166
111197
111198
111218
111219
111220
111221
111222
111224
111225
111226
111239
111278
111279
111280
111281
111337
111339
111340
111354
111355
111356
111357
111358
111359
111387
111388
111389
111390
111391
111392
111393
111394
111395
111410
111411
111418
111425
111430
111431
111456
111457
111458
111459
111460
111461
111463
111464
111467
111471
111496
111497
111498
111499
111500
111509
111517
111526
111535
111544
111545
111546
111547
111548
111549
111572
111618
111619
111620
111621
111622
111623
111624
111628
111642
111674
111676
111677
111678
111680
111681
111682
111683
111693
111699
111704
111705
111707
111708
111721
111735
111747
111749
111752
111754
111771
111772
111773
111774
111775
111802
111803
111804
111805
111806
111809
111810
111811
111824
111825
111826
111828
111829
111831
111838
111843
111848
111855
111865
111866
111867
111868
111869
111870
111871
111880
111881
111887
111890
111930
111931
111938
111939
111940
111941
111942
111943
111949
111951
111959
111960
111961
111981
111982
111993
112004
112005
112006
112007
112011
112014
112019
112022
112025
112037
112047
112048
112049
112050
112051
112052
112053
112062
112144
112149
112151
112153
112154
112156
112171
112175
112252
112322
112339
112341
112343
112344
112345
112346
112347
112348
112366
112395
112396
112397
112399
112400
112408
112418
112424
112425
112426
112438
112447
112453
112454
112455
112456
112478
112481
112506
112508
112509
112511
112514
112515
112516
112517
112537
112561
112562
112568
112570
112573
112574
112576
112579
112587
112598
112641
112645
112646
112647
112648
112649
112683
112684
112687
112688
112689
112690
112691
112695
112705
112706
112717
112718
112719
112720
112721
112723
112750
112753
112754
112757
112769
112798
112806
112812
112813
112815
112816
112817
112818
112826
112860
112861
112880
112881
112882
112888
112889
112890
112893
112895
112896
112963
112974
112988
112989
112990
112992
112993
113005
113006
113008
113009
113010
113011
113012
113013
113014
113015
113027
113030
113047
113048
113051
113056
113057
113058
113059
113060
113066
113067
113071
113072
113078
113079
113080
113081
113082
113087
113113
113145
113146
113147
113148
113149
113153
113198
113231
113232
113233
113234
113235
113236
113237
113278
113279
113282
113292
113293
113294
113295
113296
113308
113309
113318
113323
113340
113341
113342
113343
113344
113345
113365
113368
113369
113370
113372
113376
113380
113381
113394
113396
113397
113398
113399
113400
113401
113402
113428
113438
113450
113457
113461
113462
113463
113464
113489
113490
113491
113492
113493
113512
113530
113532
113565
113566
113567
113587
113588
113589
113593
113594
113595
113596
113597
113616
113617
113628
113630
113632
113633
113634
113635
113636
113659
113660
113663
113681
113731
113732
113734
113735
113736
113737
113738
113739
113757
113766
113767
113768
113769
113770
113771
113772
113773
113774
113775
113777
113778
113782
113799
113803
113804
113805
113810
113822
113834
113836
113841
113866
113867
113868
113872
113895
113912
113913
113914
113916
113917
113946
113968
113969
113971
113973
113974
114034
114051
114052
114055
114056
114057
114058
114151
114153
114155
114156
114159
114160
114182
114184
114185
114186
114187
114188
114192
114195
114205
114211
114212
114214
114215
114220
114221
114251
114252
114257
114259
114260
114262
114269
114290
114293
114303
114304
114306
114307
114308
114309
114329
114330
114331
114332
114333
114343
114346
114347
114354
114369
114371
114372
114373
114374
114375
114376
114380
114403
114404
114405
114413
114414
114432
114437
114442
114452
114453
114456
114475
114481
114482
114483
114484
114485
114486
114487
114509
114517
114518
114522
114533
114534
114540
114541
114542
114551
114552
114558
114579
114580
114581
114582
114583
114584
114592
114600
114646
114656
114659
114660
114678
114679
114680
114681
114682
114686
114690
114692
114724
114725
114726
114727
114729
114753
114754
114762
114771
114773
114774
114796
114819
114820
114821
114822
114823
114841
114847
114848
114862
114864
114865
114867
114868
114869
114899
114900
114908
114910
114911
114913
114915
114916
114919
114923
114932
114933
114934
114937
114938
114954
115048
115049
115050
115051
115053
115070
115071
115075
115088
115089
115094
115101
115103
115104
115105
115108
115125
115131
115164
115165
115166
115168
115169
115170
115181
115182
115183
115184
115185
115196
115219
115261
115262
115267
115268
115288
115290
115299
115300
115303
115304
115306
115307
115308
115318
115323
115324
115368
115369
115372
115380
115381
115383
115384
115386
115393
115396
115417
115419
115446
115456
115457
115458
115459
115460
115462
115463
115464
115469
115485
115490
115491
115496
115497
115498
115500
115502
115503
115506
115507
115529
115546
115551
115552
115553
115558
115559
115560
115588
115589
115591
115592
115613
115625
115626
115628
115639
115644
115650
115651
115655
115656
115661
115664
115693
115694
115714
115715
115716
115717
115719
115720
115722
115723
115724
115737
115764
115766
115768
115769
115770
115775
115787
115789
115791
115792
115793
115794
115798
115837
115839
115841
115842
115843
115847
115864
115873
115876
115887
115888
115889
115892
115893
115894
115895
115896
115907
115928
115929
115930
115934
115935
115963
115965
116074
116079
116081
116082
116100
116116
116126
116127
116130
116132
116133
116135
116155
116158
116159
116160
116161
116168
116180
116181
116182
116183
116184
116190
116205
116206
116208
116209
116210
116212
116244
116245
116246
116250
116253
116254
116256
116257
116258
116261
116266
116276
116277
116278
116279
116280
116281
116291
116292
116293
116294
116315
116316
116321
116322
116324
116325
116326
116327
116355
116357
116359
116360
116379
116388
116389
116391
116392
116394
116395
116397
116398
116399
116422
116423
116424
116425
116426
116427
116428
116432
116446
116447
116448
116451
116459
116460
116461
116462
116463
116464
116465
116466
116467
116468
116474
116482
116487
116503
116507
116523
116570
116571
116572
116573
116610
116613
116614
116616
116617
116618
116619
116620
116621
116623
116634
116635
116638
116643
116644
116646
116647
116648
116651
116652
116653
116654
116661
116662
116663
116664
116671
116672
116674
116680
116685
116700
116704
116824
116826
116833
116847
116848
116849
116850
116851
116896
116904
116915
116938
116940
116941
116942
116943
116995
116996
116997
116999
117001
117002
117003
117015
117016
117019
117020
117025
117029
117030
117031
117046
117047
117049
117050
117051
117064
117066
117067
117068
117069
117070
117097
117099
117101
117102
117122
117123
117124
117125
117126
117127
117128
117132
117133
117144
117145
117146
117150
117151
117234
117239
117287
117290
117291
117292
117303
117304
117305
117341
117354
117355
117358
117360
117361
117362
117363
117364
117366
117380
117381
117382
117383
117390
117394
117399
117400
117401
117402
117404
117405
117421
117434
117435
117436
117437
117438
117442
117465
117472
117473
117474
117475
117476
117477
117478
117486
117492
117493
117504
117506
117507
117509
117512
117532
117533
117540
117545
117548
117563
117564
117566
117568
117571
117579
117580
117593
117595
117596
117599
117600
117601
117607
117610
117622
117623
117624
117625
117626
117628
117630
117633
117639
117648
117649
117650
117653
117654
117655
117656
117657
117658
117668
117669
117670
117671
117681
117691
117701
117702
117703
117704
117717
117722
117723
117724
117741
117742
117743
117745
117746
117747
117748
117752
117776
117777
117786
117787
117799
117802
117803
117805
117806
117807
117808
117809
117828
117829
117830
117831
117832
117853
117857
117885
117895
117896
117898
117904
117907
117908
117909
117910
117911
117915
117916
117931
117933
117949
117950
117952
117953
117981
117990
117992
117994
117995
117997
117998
118009
118019
118025
118037
118038
118039
118040
118067
118068
118069
118070
118077
118081
118082
118083
118091
118093
118094
118123
118126
118127
118128
118129
118133
118144
118161
118162
118163
118164
118166
118167
118186
118187
118188
118190
118191
118192
118208
118212
118213
118214
118215
118216
118248
118249
118250
118251
118266
118268
118270
118289
118290
118306
118312
118313
118316
118317
118318
118319
118320
118321
118323
118327
118355
118363
118365
118366
118368
118372
118373
118377
118386
118387
118388
118389
118395
118415
118416
118417
118418
118426
118428
118429
118430
118432
118433
118437
118458
118459
118460
118462
118468
118476
118477
118478
118483
118490
118492
118494
118512
118516
118517
118518
118519
118520
118528
118536
118538
118547
118548
118549
118550
118556
118558
118590
118591
118592
118593
118601
118604
118608
118609
118610
118613
118624
118625
118626
118632
118634
118635
118638
118646
118649
118657
118658
118659
118660
118661
118662
118695
118698
118699
118709
118710
118717
118725
118726
118727
118728
118747
118749
118758
118770
118772
118775
118776
118777
118781
118783
118788
118794
118800
118802
118804
118812
118813
118814
118815
118816
118824
118834
118842
118843
118845
118853
118865
118866
118867
118868
118882
118885
118886
118888
118892
118898
118899
118900
118902
118911
118913
118914
118922
118923
118927
118929
118936
118938
118950
118955
118956
118957
118958
118959
118960
118985
118986
118989
118990
119014
119018
119020
119021
119025
119041
119042
119043
119044
119108
119112
119113
119114
119116
119117
119118
119119
119120
119121
119126
119138
119139
119144
119154
119167
119175
119185
119186
119188
119192
119195
119210
119212
119213
119214
119216
119217
119231
119242
119250
119255
119257
119258
119259
119260
119261
119262
119263
119287
119288
119289
119290
119308
119309
119310
119317
119318
119319
119330
119337
119360
119361
119363
119364
119365
119366
119370
119371
119372
119376
119380
119405
119406
119407
119408
119425
119427
119428
119429
119430
119431
119432
119445
119494
119495
119496
119500
119514
119516
119517
119524
119525
119526
119528
119532
119533
119559
119560
119561
119566
119567
119568
119626
119639
119640
119641
119642
119643
119644
119648
119649
119650
119651
119671
119673
119678
119679
119680
119701
119712
119713
119714
119715
119716
119721
119722
119723
119724
119725
119726
119727
119746
119762
119782
119783
119794
119798
119800
119801
119803
119804
119805
119806
119808
119821
119822
119823
119824
119834
119838
119847
119848
119849
119850
119859
119862
119871
119875
119880
119881
119885
119896
119897
119913
119914
119915
119916
119919
119925
119928
119929
119930
119931
119932
119939
119940
119941
119944
119945
119952
119953
119956
119960
119965
119966
119971
119972
119973
119974
119990
119999
120000
120001
120002
120003
120009
120013
120031
120039
120040
120041
120042
120045
120058
120070
120072
120080
120081
120082
120083
120088
120092
120093
120094
120096
120109
120110
120111
120112
120113
120121
120127
120128
120130
120131
120156
120158
120162
120165
120166
120212
120213
120214
120215
120216
120217
120218
120219
120220
120221
120222
120223
120248
120255
120256
120257
120269
120270
120272
120276
120277
120278
120286
120297
120307
120308
120309
120310
120311
120323
120324
120325
120326
120329
120332
120333
120334
120339
120340
120341
120343
120345
120350
120352
120377
120384
120386
120387
120388
120390
120411
120414
120417
120419
120420
120433
120434
120437
120438
120448
120457
120460
120461
120462
120463
120490
120491
120493
120500
120508
120520
120521
120522
120523
120524
120525
120527
120536
120537
120546
120547
120548
120550
120552
120553
120570
120571
120573
120574
120584
120585
120588
120589
120590
120599
120600
120601
120603
120604
120613
120614
120615
120622
120624
120625
120627
120628
120633
120634
120635
120636
120639
120640
120651
120654
120656
120658
120660
120668
120669
120670
120671
120679
120681
120682
120683
120686
120687
120690
120712
120718
120719
120720
120721
120723
120736
120737
120738
120740
120741
120758
120777
120779
120780
120782
120783
120797
120798
120817
120819
120820
120821
120822
120823
120824
120825
120829
120830
120845
120846
120856
120866
120872
120874
120883
120884
120892
120909
120926
120928
120929
120930
120931
120932
120933
120934
120935
120936
120939
120941
120942
120944
120947
120948
120949
120952
120974
120975
120976
120984
120990
120991
120992
120993
121007
121011
121012
121023
121053
121054
121055
121057
121058
121061
121069
121070
121071
121073
121074
121075
121076
121077
121097
121098
121101
121106
121108
121113
121122
121128
121129
121130
121131
121132
121135
121136
121145
121151
121152
121153
121154
121175
121183
121184
121191
121192
121193
121194
121209
121238
121239
121242
121253
121254
121255
121256
121257
121269
121275
121276
121296
121297
121298
121299
121300
121304
121310
121311
121312
121313
121317
121322
121338
121339
121341
121355
121361
121362
121365
121367
121383
121387
121388
121390
121429
121430
121434
121450
121452
121453
121454
121456
121457
121466
121474
121475
121478
121479
121481
121491
121495
121506
121509
121512
121513
121514
121537
121540
121541
121547
121572
121573
121574
121575
121579
121583
121586
121587
121588
121595
121598
121599
121600
121602
121625
121629
121630
121631
121632
121644
121649
121654
121655
121661
121666
121667
121668
121669
121678
121679
121684
121690
121692
121704
121714
121715
121716
121717
121718
121719
121720
121735
121736
121738
121739
121741
121742
121750
121751
121753
121774
121775
121776
121777
121787
121788
121789
121798
121799
121800
121802
121840
121842
121843
121844
121845
121846
121847
121853
121858
121867
121874
121876
121878
121898
121911
121912
121913
121914
121924
121931
121932
121937
121938
121944
121949
121951
121958
121962
121964
121965
121968
121974
121975
121976
121977
121987
121991
122005
122006
122007
122008
122009
122019
122021
122024
122032
122033
122036
122040
122046
122060
122061
122063
122073
122085
122090
122091
122092
122093
122094
122117
122118
122119
122121
122124
122127
122149
122150
122151
122161
122164
122181
122189
122192
122193
122194
122195
122196
122197
122200
122202
122208
122209
122213
122214
122216
122217
122232
122241
122242
122244
122245
122252
122264
122266
122267
122275
122277
122278
122285
122290
122291
122311
122312
122314
122315
122324
122331
122346
122348
122349
122377
122382
122383
122385
122387
122388
122401
122402
122403
122405
122407
122430
122431
122439
122440
122441
122443
122444
122446
122447
122463
122472
122473
122477
122478
122482
122500
122502
122504
122507
122508
122509
122510
122511
122512
122513
122515
122527
122534
122536
122543
122545
122549
122550
122551
122566
122574
122592
122593
122594
122595
122597
122598
122608
122610
122611
122637
122639
122640
122641
122642
122646
122647
122662
122663
122666
122669
122675
122687
122695
122697
122699
122700
122713
122716
122718
122719
122720
122721
122722
122732
122743
122744
122748
122750
122751
122752
122760
122781
122788
122789
122795
122796
122800
122824
122827
122828
122829
122831
122834
122835
122840
122855
122859
122862
122873
122874
122875
122876
122877
122878
122879
122880
122900
122901
122926
122933
122934
122935
122936
122938
122939
122973
122975
122976
122978
122979
122981
122983
122985
122986
122988
122992
122993
122994
123013
123016
123017
123019
123020
123033
123035
123036
123042
123047
123048
123057
123062
123063
123087
123093
123094
123097
123098
123119
123129
123133
123134
123135
123136
123139
123140
123142
123153
123163
123164
123165
123166
123169
123176
123177
123207
123210
123212
123216
123217
123241
123243
123244
123245
123248
123249
123250
123252
123253
123259
123272
123273
123275
123276
123290
123305
123306
123307
123310
123323
123328
123329
123331
123335
123340
123341
123353
123355
123356
123357
123358
123360
123361
123379
123383
123384
123389
123396
123397
123398
123399
123429
123430
123431
123432
123433
123435
123463
123464
123465
123466
123498
123500
123501
123502
123505
123506
123507
123523
123526
123528
123529
123544
123545
123547
123548
123591
123595
123598
123599
123601
123603
123625
123627
123628
123631
123632
123633
123655
123657
123658
123661
123674
123676
123677
123680
123683
123685
123705
123706
123708
123709
123730
123731
123746
123747
123748
123763
123785
123789
123790
123791
123794
123795
123796
123797
123811
123812
123814
123815
123816
123819
123842
123843
123845
123846
123856
123857
123860
123869
123870
123874
123907
123908
123909
123910
123912
123913
123944
123957
123958
123959
123960
123963
123964
123966
123967
123968
123974
123975
123978
123988
123989
123990
123991
123994
123995
124007
124009
124010
124033
124050
124052
124053
124056
124057
124080
124081
124082
124083
124084
124107
124108
124111
124112
124113
124114
124129
124130
124132
124133
124147
124148
124149
124169
124171
124172
124175
124203
124204
124207
124209
124234
124236
124237
124240
124251
124270
124271
124273
124274
124277
124294
124295
124296
124297
124313
124314
124340
124342
124343
124345
124346
124357
124358
124360
124361
124362
124378
124397
124400
124402
124403
124404
124415
124416
124418
124420
124424
124452
124453
124455
124456
124488
124489
124491
124492
124493
124498
124511
124512
124547
124548
124549
124553
124554
124564
124565
124571
124572
124574
124588
124589
124592
124593
124594
124603
124604
124605
124606
124608
124609
124646
124648
124650
124652
124654
124673
124674
124675
124676
124677
124683
124684
124686
124687
124708
124709
124712
124713
124714
124715
124741
124742
124743
124744
124746
124756
124761
124762
124763
124765
124766
124773
124780
124782
124783
124785
124799
124801
124802
124804
124805
124830
124832
124833
124835
124852
124854
124855
124856
124857
124888
124889
124890
124893
124911
124912
124913
124914
124935
124937
124938
124940
124941
124952
124953
124954
124958
124979
124980
124981
124982
124983
124986
124996
124998
124999
125000
125001
125037
125038
125041
125042
125043
125044
125045
125046
125047
125048
125049
125050
125051
125063
125064
125066
125082
125083
125084
125087
125105
125107
125108
125109
125124
125130
125132
125133
125135
125136
125162
125164
125166
125168
125171
125172
125176
125177
125178
125179
125180
125187
125196
125197
125198
125199
125200
125211
125212
125213
125215
125216
125228
125233
125234
125237
125243
125246
125247
125248
125249
125262
125263
125265
125275
125276
125283
125284
125294
125299
125300
125301
125302
125303
125304
125326
125327
125331
125332
125358
125359
125360
125362
125376
125377
125378
125380
125406
125407
125408
125409
125410
125416
125417
125418
125419
125421
125422
125429
125430
125436
125438
125441
125444
125453
125454
125456
125459
125464
125473
125477
125478
125479
125481
125482
125492
125494
125495
125496
125497
125507
125509
125510
125512
125513
125522
125525
125526
125528
125529
125533
125549
125550
125551
125553
125554
125570
125571
125572
125574
125575
125589
125590
125591
125592
125593
125604
125605
125606
125611
125612
125613
125632
125633
125634
125635
125636
125637
125642
125643
125644
125645
125670
125671
125672
125673
125713
125715
125716
125719
125720
125737
125747
125748
125750
125752
125753
125778
125779
125781
125784
125785
125796
125797
125798
125799
125800
125828
125842
125843
125844
125846
125847
125849
125851
125852
125854
125855
125867
125869
125870
125872
125873
125883
125885
125886
125887
125889
125895
125904
125909
125910
125912
125913
125930
125931
125932
125946
125949
125950
125953
125972
125975
125978
125979
125983
125984
125987
125991
125992
125994
125995
126012
126015
126016
126019
126020
126021
126022
126046
126047
126048
126050
126051
126076
126078
126079
126081
126082
126111
126112
126113
126116
126132
126133
126137
126138
126139
126143
126167
126173
126174
126176
126194
126195
126203
126204
126205
126206
126207
126229
126230
126232
126234
126268
126269
126270
126273
126274
126291
126294
126296
126299
126300
126314
126321
126326
126327
126328
126329
126338
126356
126357
126358
126360
126377
126378
126379
126381
126382
126383
126390
126429
126430
126431
126435
126437
126450
126451
126484
126485
126486
126490
126492
126493
126494
126496
126498
126535
126536
126537
126538
126565
126568
126569
126571
126572
126575
126610
126613
126614
126617
126618
126620
126621
126650
126653
126654
126656
126659
126661
126666
126684
126685
126687
126688
126713
126716
126717
126720
126721
126725
126727
126758
126759
126761
126776
126778
126779
126781
126826
126827
126830
126857
126858
126860
126867
126868
126882
126883
126885
126886
126909
126911
126912
126914
126915
126931
126940
126941
126942
126945
126960
126979
126980
126986
126987
126989
126990
126992
126993
126994
126995
127023
127024
127025
127027
127042
127043
127045
127049
127050
127068
127069
127071
127075
127076
127091
